1.00
0.00
0.00
0.00
-0.00
0.00
0.00
0.00
-0.00
2.00
0.00
24.00
12.00
12.00
12.00
12.00
12.00
12.00
24.00
0.00
0.00
12.00
0.00
0.00
0.00
0.00
0.00
0.00
12.00
0.00
0.00
12.00
0.00
0.00
0.00
0.00
0.00
0.00
12.00
0.00
-0.00
12.00
0.00
0.00
0.00
0.00
0.00
0.00
12.00
0.00
0.00
12.00
0.00
0.00
0.00
0.00
0.00
0.00
12.00
0.00
0.00
12.00
0.00
0.00
0.00
0.00
0.00
0.00
12.00
0.00
0.00
12.00
0.00
0.00
0.00
0.00
0.00
0.00
12.00
0.00
-0.00
24.00
12.00
12.00
12.00
12.00
12.00
12.00
24.00
0.00
2.00
0.00
0.00
0.00
0.00
0.00
0.00
0.00
0.00
1.00
